Simulare ecran de plastic de 1 cm grosime
c
c Testare ecranare cu plastic pt. ca AmBe e pus intr-un plastic
c
c ----- CELL CARD -----
1   10 -1.38       -1       $ polyethylene PET
98  40 -1.205e-3   -91 1    $ aer
99  0               91

c ----- SURFACE CARD -----
1   RPP  -10 10 10 11 -10 10    $ plastic 1 cm grosime
91  SO    50     $ sfera centrata in origine cu R=50

c ----- DATA CARD -----
MODE n p
IMP:n 1 1 0
IMP:p 1 1 0
M10  1001.66c  0.363595 &
     1002.66c  0.000042 &
     6000.66c  0.454545 &
     8016.66c  0.181749 &
     8017.66c  0.000069
MT10 lwtr.10t
M40  6000.66c  0.000150 &
     7014.66c  0.786245 &
     7015.66c  0.002855 &
     8016.66c  0.210670 &
     8017.66c  0.000080
SDEF pos=0 0 0  par=n  erg=d1       $ sursa in (0,0,0)
SI1 H  4.14e-7 0.11 0.33 0.54 0.75 0.97 1.18 1.4 1.61 1.82 2.04 2.25
       2.47 2.68 2.9 3.11 3.32 3.54 3.75 3.97 4.18 4.39 4.61 4.82 5.04
       5.25 5.47 5.68 5.89 6.11 6.32 6.54 6.75 6.96 7.18 7.39 7.61 7.82
       8.03 8.25 8.46 8.68 8.89 9.11 9.32 9.53 9.75 9.96 10.18 10.39 10.6
       10.82 11.03 11.09
SP1 D  0 1.436e-2 3.340e-2 3.127e-2 2.812e-2 2.5e-2 2.136e-2 1.983e-2
       1.747e-2 1.925e-2 2.225e-2 2.146e-2 2.248e-2 2.277e-2 2.951e-2
       3.559e-2 3.685e-2 3.458e-2 3.066e-2 2.999e-2 2.691e-2 2.863e-2
       3.178e-2 3.074e-2 3.334e-2 3.041e-2 2.738e-2 2.332e-2 2.059e-2
       1.815e-2 1.767e-2 2.039e-2 1.830e-2 1.630e-2 1.677e-2 1.681e-2
       1.883e-2 1.837e-2 1.688e-2 1.435e-2 9.677e-3 6.521e-3 4.255e-3
       3.667e-3 3.806e-3 5.058e-3 6.253e-3 5.519e-3 4.675e-3 3.696e-3
       2.781e-3 1.514e-3 3.633e-4 0
c H*(10) neutron fluence-to-dose equiv. conv. factors [mrem/h/neutrons/s]:
DE105 1e-9 1e-8 2.53e-8 1e-7 2e-7 5e-7 1e-6 2e-6
      5e-6 1e-5 2e-5 5e-5 1e-4 2e-4 5e-4 1e-3
      0.002 0.005 0.01 0.02 0.03 0.05 0.07 0.1 0.15 0.2 0.3 0.5 0.7 0.9 1 1.2
      2 3 4 5 6 7 8 9 10 12 14 15 16 18 20 30 50 75 100 125 150 175 201
DF105 2.376e-3 3.24e-3 3.816e-3 4.644e-3 4.86e-3 4.896e-3
      4.788e-3 4.644e-3 4.32e-3 4.068e-3 3.816e-3 3.564e-3
      3.384e-3 3.204e-3 2.988e-3 2.844e-3 2.772e-3 2.88e-3
      3.78e-3 5.976e-3 8.532e-3 1.4796e-2 2.16e-2 3.168e-2
      4.752e-2 6.12e-2 8.388e-2 1.1592e-1 1.35e-1 1.44e-1
      1.4976e-1 1.53e-1 1.512e-1 1.4832e-1 1.4688e-1 1.458e-1
      1.44e-1 1.458e-1 1.4724e-1 1.512e-1 1.584e-1 1.728e-1
      1.872e-1 1.944e-1 1.944e-1 2.052e-1 2.16e-1 1.854e-1
      1.44e-1 1.188e-1 1.026e-1 9.36e-2 8.82e-2 9e-2 9.36e-2
F105:n  0 20 0 10        $ (x,y,z,r) pentru detectorul punctiform
CTME 10