response function to dose calibration - histogram energies
c ---------- cell card ----------
1 10 -1.252645E-04  -1
2 20 -8.03           1 -2
3 30 -0.95           2 -3
4 40 -1.205E-03      3 -99
5 0                  99

c ---------- surface card ----------
1   SO 2
2   SO 2.1
3   SO 12.5
99  SO 250

c ---------- data card ----------
mode n h
imp:n 1 1 1 1 0
imp:h 1 1 1 0 0
phys:n 20 0 0 j j j 1.003
c material card start
m10  2003.66c  1.000000
m20  6000.66c  0.003635	&
    25055.66c  0.019870	&
    15031.66c  0.000793 &
    16000.66c  0.000511	&
    14028.66c  0.019434	&
    24052.66c  0.199443	&
    28058.66c  0.088343	&
    26056.66c  0.667971
m30  1001.66c  0.666590 &
     1002.66c  0.000077 &
     6000.66c  0.333333
mt30 POLY.01T
m40  6000.66c  0.000150 &
     7014.66c  0.786245	&
     7015.66c  0.002855	&
     8016.66c  0.210670	&
     8017.66c  0.000080
c material card stop
sdef pos=-100 0 0  par=n  erg=d1
si1 h  4.14e-7 0.11 0.33 0.54 0.75 0.97 1.18 1.4 1.61 1.82 2.04 2.25
       2.47 2.68 2.9 3.11 3.32 3.54 3.75 3.97 4.18 4.39 4.61 4.82 5.04
       5.25 5.47 5.68 5.89 6.11 6.32 6.54 6.75 6.96 7.18 7.39 7.61 7.82
       8.03 8.25 8.46 8.68 8.89 9.11 9.32 9.53 9.75 9.96 10.18 10.39 10.6
       10.82 11.03 11.09
sp1 d  0 1.436e-2 3.340e-2 3.127e-2 2.812e-2 2.5e-2 2.136e-2 1.983e-2
       1.747e-2 1.925e-2 2.225e-2 2.146e-2 2.248e-2 2.277e-2 2.951e-2
       3.559e-2 3.685e-2 3.458e-2 3.066e-2 2.999e-2 2.691e-2 2.863e-2
       3.178e-2 3.074e-2 3.334e-2 3.041e-2 2.738e-2 2.332e-2 2.059e-2
       1.815e-2 1.767e-2 2.039e-2 1.830e-2 1.630e-2 1.677e-2 1.681e-2
       1.883e-2 1.837e-2 1.688e-2 1.435e-2 9.677e-3 6.521e-3 4.255e-3
       3.667e-3 3.806e-3 5.058e-3 6.253e-3 5.519e-3 4.675e-3 3.696e-3
       2.781e-3 1.514e-3 3.633e-4 0
f4:n 1
fm4 2.500E-05 10 102
e4   1e-9 1e-8 2.53e-8 1e-7 2e-7 5e-7 1e-6 2e-6 5e-6 1e-5 2e-5 5e-5 1e-4 2e-4
     5e-4 1e-3 2e-3 5e-3 1e-2 2e-2 3e-2 5e-2 7e-2 0.1 0.15 0.2 0.3 0.5 0.7 0.9
     1 1.2 2 3 4 5 6 7 8 9 10 12 14 15
em4  4.24151e+14 4.68277e+14 4.15354e+14 3.18722e+14 2.58564e+14 2.14339e+14
     1.76611e+14 1.55004e+14 1.25312e+14 1.08708e+14 9.11640e+13 7.62965e+13
     7.30829e+13 6.41391e+13 5.42831e+13 4.83787e+13 4.67324e+13 4.54654e+13
     5.66084e+13 8.39325e+13 1.14891e+14 1.84249e+14 2.41495e+14 3.24025e+14
     4.21067e+14 4.92961e+14 5.42707e+14 5.92862e+14 6.00119e+14 5.39982e+14
     5.30165e+14 5.12923e+14 4.42553e+14 4.34785e+14 4.66472e+14 4.54015e+14
     4.77516e+14 5.21588e+14 5.94637e+14 6.54026e+14 7.48125e+14 8.48110e+14
     1.08648e+15 1.20799e+15
c output-ul va fi in pSv*cm^2 si va trebui inmultit cu fluentele pt. fiecare grup de energie
nps 1e+7
